1    0.479425538604 -0.87758256189 0.0	-0.87758256189 -0.479425538604 0.0	0.0 0.0 -1.0	-0.2 -0.1 0.275
2    -0.0998334166468 -0.995004165278 0.0	-0.995004165278 0.0998334166468 0.0	0.0 0.0 -1.0	-0.1 -0.1 0.275
3    -0.515501371821 0.856888753369 0.0	0.856888753369 0.515501371821 0.0	0.0 0.0 -1.0	-0.15 -0.3 0.275
